0.01    -3.16148e-05    -5.36095e-05    -8.27952e-05    
0.01    -0.000177353    -0.000264093    -0.000368506    
0.01    -1.42876    -0.0232711    -0.0356253    
0.01    -1.47629    -0.0238245    -0.0357727    
0.01    -1.52843    -0.0243694    -0.0358763    
0.01    -1.60426    -0.0249134    -0.0358049    
0.01    -1.7061    -0.0254389    -0.0356246    
0.01    -1.80677    -0.0258639    -0.0354076    
0.01    -1.95921    -0.0266354    -0.0353065    
0.01    -2.04216    -0.0267349    -0.0349966    
0.01    -2.11534    -0.0269675    -0.0348567    
0.01    -2.18334    -0.0272601    -0.0347828    
0.01    -2.24814    -0.027606    -0.0347476    
0.01    -2.31079    -0.0280091    -0.034737    
0.01    -2.36455    -0.0284567    -0.0347945    
0.01    -2.42575    -0.0289423    -0.0347836    
0.01    -2.48589    -0.0294731    -0.0347657    
0.01    -2.53907    -0.0300528    -0.0348089    
0.01    -2.59861    -0.0306857    -0.0347829    
0.01    -2.65194    -0.0313423    -0.0348348    
0.01    -2.71643    -0.0320364    -0.0347531    
0.01    -2.77961    -0.0327755    -0.0346636    
0.01    -2.84174    -0.0335421    -0.0345779    
0.01    -2.90794    -0.0342866    -0.0344716    
0.01    -3.03233    -0.036728    -0.0356609    
0.01    -3.09177    -0.0367082    -0.0351842    
0.01    -3.15141    -0.0367059    -0.0348437    
0.01    -3.21116    -0.0366981    -0.0346718    
0.01    -3.27094    -0.036694    -0.0345985    
0.01    -3.32607    -0.0367928    -0.0347155    
0.01    -3.38622    -0.0367575    -0.0348327    
0.01    -3.44182    -0.0367949    -0.0350862    
0.01    -3.50214    -0.0366663    -0.0353132    
0.01    -3.56233    -0.0364392    -0.0355544    
0.01    -3.6224    -0.0361309    -0.0358011    
0.01    -3.68225    -0.0357587    -0.0361041    
0.01    -3.74151    -0.035382    -0.0365124    
0.01    -3.80018    -0.0349984    -0.0369838    
0.01    -3.85829    -0.0345829    -0.0374458    
0.01    -3.91587    -0.0341484    -0.0378728    
0.01    -3.97295    -0.0336958    -0.038271    
0.01    -4.02956    -0.0332192    -0.0386378    
0.01    -4.08575    -0.0327041    -0.0389567    
0.01    -4.1416    -0.0321599    -0.0392204    
0.01    -4.19717    -0.0316152    -0.0394834    
0.01    -4.24862    -0.0310871    -0.0398647    
0.01    -4.30018    -0.0305238    -0.0403171    
0.01    -4.35574    -0.029859    -0.0407732    
0.01    -4.40728    -0.0292176    -0.0413511    
0.01    -4.46283    -0.0284931    -0.0419651    
0.01    -4.51824    -0.0276941    -0.0426856    
0.01    -4.5697    -0.0268698    -0.0435431    
0.01    -4.62512    -0.0259386    -0.044427    
0.01    -4.68046    -0.0249687    -0.0453411    
0.01    -4.73198    -0.0239722    -0.0462385    
0.01    -4.78748    -0.0228102    -0.0470103    
0.01    -4.83926    -0.0215919    -0.0476916    
0.01    -4.90236    -0.0201285    -0.0481097    
0.01    -4.96491    -0.0185837    -0.0483861    
0.01    -5.02333    -0.0170492    -0.0486254    
0.01    -5.08519    -0.0154366    -0.0487367    
0.01    -5.14306    -0.0138305    -0.0487856    
0.01    -5.20087    -0.0121988    -0.0487584    
0.01    -5.26575    -0.0104566    -0.0485881    
0.01    -5.38439    -0.00766918    -0.0526859    
0.01    -5.44546    -0.00583545    -0.052112    
0.01    -5.50632    -0.004005    -0.0516623    
0.01    -5.56333    -0.00222144    -0.0513682    
0.01    -5.62053    -0.00042291    -0.0511998    
0.01    -5.68148    0.00144973    -0.0511275    
0.01    -5.74231    0.00334764    -0.0511606    
0.01    -5.80293    0.00529561    -0.0513211    
0.01    -5.86326    0.00732068    -0.0516289    
0.01    -5.92331    0.00941144    -0.0520516    
0.01    -5.97986    0.0114615    -0.052509    
0.01    -6.04282    0.0136721    -0.0531022    
0.01    -6.10533    0.0158492    -0.0537243    
0.01    -6.16744    0.017981    -0.0543656    
0.01    -6.22917    0.0200595    -0.0550122    
0.01    -6.28749    0.0220336    -0.0556325    
0.01    -6.34878    0.023984    -0.0562856    
0.01    -6.4098    0.0258627    -0.0569131    
0.01    -6.4706    0.0276933    -0.0575077    
0.01    -6.53128    0.0294423    -0.0580025    
0.01    -6.59192    0.0310816    -0.0583586    
0.01    -6.65253    0.0326183    -0.0586155    
0.01    -6.71309    0.0340726    -0.058781    
0.01    -6.77359    0.0354621    -0.0588397    
0.01    -6.83113    0.0368029    -0.0588495    
0.01    -6.88875    0.0380895    -0.0588088    
0.01    -6.9493    0.0393134    -0.0587131    
0.01    -7.00977    0.0404981    -0.0585976    
0.01    -7.07021    0.0416308    -0.05849    
0.01    -7.13066    0.0427464    -0.0584004    
0.01    -7.19112    0.0438447    -0.0583099    
0.01    -7.24889    0.0449351    -0.0582486    
0.01    -7.31225    0.0460235    -0.0581712    
0.01    -7.37279    0.0471417    -0.0581281    
0.01    -7.43598    0.0482813    -0.0580613    
0.01    -7.49635    0.0494369    -0.0579987    
0.01    -7.55929    0.0505966    -0.0578936    
0.01    -7.61951    0.0517473    -0.0577865    
0.01    -7.67974    0.0528764    -0.0576428    
0.01    -7.74257    0.0539777    -0.0574276    
0.01    -7.80533    0.0550574    -0.0571354    
0.01    -7.86804    0.0560945    -0.0567968    
0.01    -7.93067    0.0570976    -0.0564374    
0.01    -7.99322    0.0580803    -0.0560302    
0.01    -8.05564    0.0590411    -0.0555786    
0.01    -8.11792    0.0599831    -0.0551098    
0.01    -8.18002    0.0608965    -0.0546631    
0.01    -8.24431    0.0618203    -0.0542044    
0.01    -8.30592    0.0627451    -0.0537233    
0.01    -8.3697    0.0636632    -0.0532036    
0.01    -8.4309    0.0645664    -0.0526868    
0.01    -8.49199    0.0654452    -0.0522061    
0.01    -8.55296    0.0663147    -0.0517473    
0.01    -8.61383    0.0671774    -0.0513158    
0.01    -8.67459    0.0680512    -0.050914    
0.01    -8.73526    0.0689106    -0.0505514    
0.01    -8.79582    0.0697762    -0.0503289    
0.01    -8.85627    0.0706812    -0.0502894    
0.01    -8.91661    0.071616    -0.0504126    
0.01    -8.97683    0.0725689    -0.0507031    
0.01    -9.03696    0.073526    -0.0511767    
0.01    -9.097    0.0745033    -0.0518084    
0.01    -9.15485    0.0754736    -0.0524852    
0.01    -9.21484    0.0765056    -0.0533495    
0.01    -9.27265    0.0775038    -0.0542535    
0.01    -9.33254    0.0785417    -0.0553403    
0.01    -9.39028    0.0795484    -0.056424    
0.01    -9.44803    0.0805611    -0.0575616    
0.01    -9.50579    0.0815736    -0.0587548    
0.01    -9.56555    0.0825973    -0.0599579    
0.01    -9.62321    0.0835552    -0.0610464    
0.01    -9.68477    0.0845491    -0.0620722    
0.01    -9.74412    0.0854685    -0.0630165    
0.01    -9.80525    0.0863843    -0.0639071    
0.01    -9.86421    0.0872015    -0.0647263    
0.01    -9.9249    0.088022    -0.0654556    
0.01    -9.98534    0.0887756    -0.0660759    
0.01    -10.0436    0.0894187    -0.0665902    
0.01    -10.1036    0.0900574    -0.0669974    
0.01    -10.1613    0.0905965    -0.0673009    
0.01    -10.2208    0.0911586    -0.0675087    
0.01    -10.278    0.0915977    -0.0676514    
0.01    -10.3369    0.0920376    -0.0677423    
0.01    -10.3938    0.0923994    -0.0678408    
0.01    -10.4522    0.092807    -0.0679619    
0.01    -10.5105    0.0931933    -0.0681385    
0.01    -10.5685    0.0935752    -0.0683529    
0.01    -10.6246    0.0938962    -0.0686341    
0.01    -10.6823    0.0943255    -0.068965    
0.01    -10.7381    0.0947197    -0.0693238    
0.01    -10.7937    0.0951471    -0.069687    
0.01    -10.851    0.0956915    -0.0700212    
0.01    -10.9082    0.0962815    -0.0703219    
0.01    -10.9652    0.0969067    -0.0705609    
0.01    -11.022    0.0975438    -0.0707227    
0.01    -11.0786    0.0982106    -0.0708483    
0.01    -11.1333    0.0988318    -0.070928    
0.01    -11.1897    0.0995628    -0.0709897    
0.01    -11.2458    0.100321    -0.0710698    
0.01    -11.3017    0.101125    -0.0711707    
0.01    -11.3574    0.101992    -0.0712738    
0.01    -11.4129    0.102896    -0.071374    
0.01    -11.4682    0.103823    -0.0714992    
0.01    -11.5215    0.104716    -0.0716639    
0.01    -11.5748    0.105653    -0.071868    
0.01    -11.6295    0.106707    -0.0720999    
0.01    -11.6844    0.107656    -0.0722287    
0.01    -11.7392    0.108518    -0.0722377    
0.01    -11.7942    0.109287    -0.072138    
0.01    -11.8492    0.109973    -0.0719224    
0.01    -11.9045    0.110616    -0.0715567    
0.01    -11.9599    0.111193    -0.0710641    
0.01    -12.0155    0.111731    -0.0704573    
0.01    -12.0713    0.112248    -0.069751    
0.01    -12.1272    0.11283    -0.0689349    
0.01    -12.183    0.113527    -0.0680177    
0.01    -12.2388    0.114329    -0.0670433    
0.01    -12.2961    0.11523    -0.0659523    
0.01    -12.353    0.116363    -0.0648702    
0.01    -12.4094    0.117708    -0.0638101    
0.01    -12.4639    0.119139    -0.0627877    
0.01    -12.5182    0.120633    -0.0617675    
0.01    -12.5741    0.122187    -0.0607183    
0.01    -12.6299    0.123766    -0.0596658    
0.01    -12.6856    0.125334    -0.0586494    
0.01    -12.7396    0.126824    -0.0576997    
0.01    -12.795    0.128339    -0.0567618    
0.01    -12.8502    0.129852    -0.055818    
0.01    -12.9052    0.131332    -0.0548994    
0.01    -12.9584    0.132731    -0.0540304    
0.01    -13.0099    0.134049    -0.0531871    
0.01    -13.0598    0.135278    -0.0523477    
0.01    -13.1083    0.136392    -0.0514921    
0.01    -13.1614    0.137519    -0.0505695    
0.01    -13.2145    0.138588    -0.0496331    
0.01    -13.2705    0.139711    -0.0486498    
0.01    -13.3264    0.140828    -0.0476633    
0.01    -13.3837    0.142004    -0.0466836    
0.01    -13.4394    0.143151    -0.0457855    
0.01    -13.4978    0.144443    -0.0449221    
0.01    -13.5559    0.145806    -0.0441076    
0.01    -13.6122    0.147191    -0.0433273    
0.01    -13.6683    0.148647    -0.0425665    
0.01    -13.7254    0.150217    -0.0418024    
0.01    -13.7808    0.151803    -0.0410471    
0.01    -13.8372    0.15348    -0.0402667    
0.01    -13.8932    0.155171    -0.039479    
0.01    -13.9489    0.15687    -0.0386892    
0.01    -14.0042    0.15858    -0.0378968    
0.01    -14.0592    0.160283    -0.0370926    
0.01    -14.1138    0.161975    -0.0362856    
0.01    -14.1682    0.163644    -0.0354954    
0.01    -14.2223    0.165309    -0.03474    
0.01    -14.276    0.166993    -0.0340361    
0.01    -14.3283    0.168772    -0.033423    
0.01    -14.382    0.170865    -0.0329853    
0.01    -14.4357    0.173138    -0.0326064    
0.01    -14.4895    0.17558    -0.0322463    
0.01    -14.5433    0.178168    -0.0319102    
0.01    -14.5957    0.180779    -0.0315322    
0.01    -14.6497    0.183652    -0.031193    
0.01    -14.7038    0.186651    -0.0308524    
0.01    -14.7579    0.189807    -0.0305122    
0.01    -14.8119    0.193186    -0.0301015    
0.01    -14.8658    0.196828    -0.0294881    
0.01    -14.9194    0.200724    -0.0285937    
0.01    -14.9729    0.204797    -0.0273517    
0.01    -15.026    0.208983    -0.0258023    
0.01    -15.0788    0.213214    -0.0241148    
0.01    -15.1314    0.217455    -0.0223775    
0.01    -15.1838    0.221688    -0.0206652    
0.01    -15.2348    0.225896    -0.0191378    
0.01    -15.2872    0.230155    -0.0177446    
0.01    -15.3396    0.234471    -0.0166477    
0.01    -15.3905    0.238861    -0.0159153    
0.01    -15.4415    0.243363    -0.0155006    
0.01    -15.494    0.248055    -0.0154088    
0.01    -15.5449    0.252912    -0.0156702    
0.01    -15.5988    0.258007    -0.0162052    
0.01    -15.7055    0.269023    -0.0200273    
0.01    -15.7577    0.274448    -0.0208033    
0.01    -15.81    0.279961    -0.0216703    
0.01    -15.8624    0.285534    -0.0225627    
0.01    -15.9133    0.291138    -0.0233912    
0.01    -15.966    0.296734    -0.0241702    
0.01    -16.0187    0.302321    -0.0248467    
0.01    -16.0698    0.307886    -0.025393    
0.01    -16.1228    0.313354    -0.025818    
0.01    -16.1758    0.318745    -0.0260682    
0.01    -16.2289    0.324051    -0.0261446    
0.01    -16.2803    0.329304    -0.0260798    
0.01    -16.3336    0.334364    -0.0258761    
0.01    -16.3852    0.339365    -0.0255539    
0.01    -16.4403    0.344132    -0.0251039    
0.01    -16.4954    0.348834    -0.0245844    
0.01    -16.5522    0.353356    -0.0240406    
0.01    -16.6612    0.365708    -0.0254296    
0.01    -16.7158    0.369834    -0.0247211    
0.01    -16.7702    0.37393    -0.0241007    
0.01    -16.8246    0.377991    -0.0235619    
0.01    -16.8788    0.382004    -0.0231139    
0.01    -16.9332    0.386051    -0.0228638    
0.01    -16.9878    0.390238    -0.0229396    
0.01    -17.0405    0.394556    -0.0231616    
0.01    -17.0957    0.398957    -0.0238266    
0.01    -17.1511    0.403454    -0.0247595    
0.01    -17.2066    0.408048    -0.0259601    
0.01    -17.2624    0.412736    -0.0274278    
0.01    -17.3204    0.417495    -0.0292795    
0.01    -17.3786    0.422326    -0.0313582    
0.01    -17.4368    0.427207    -0.0336289    
0.01    -17.4952    0.432119    -0.0360945    
0.01    -17.5536    0.43708    -0.0387515    
0.01    -17.612    0.442011    -0.0414489    
0.01    -17.6701    0.446859    -0.0440694    
0.01    -17.728    0.451627    -0.0466025    
0.01    -17.7837    0.456356    -0.0490315    
0.01    -17.8393    0.461024    -0.0513857    
0.01    -17.8966    0.465569    -0.053692    
0.01    -17.9519    0.47008    -0.0559102    
0.01    -18.0088    0.474451    -0.058074    
0.01    -18.0656    0.478736    -0.0601516    
0.01    -18.1204    0.483006    -0.0621438    
0.01    -18.1769    0.487148    -0.0641297    
0.01    -18.2315    0.491292    -0.0660431    
0.01    -18.2876    0.495344    -0.0679034    
0.01    -18.3435    0.499352    -0.0696853    
0.01    -18.3974    0.503371    -0.0713791    
0.01    -18.4546    0.507277    -0.0730868    
0.01    -18.5132    0.511119    -0.0747816    
0.01    -18.6264    0.522806    -0.0797193    
0.01    -18.6824    0.526236    -0.0811201    
0.01    -18.7382    0.529655    -0.082461    
0.01    -18.7938    0.533045    -0.0837358    
0.01    -18.8491    0.536407    -0.0849772    
0.01    -18.9023    0.539801    -0.0861645    
0.01    -18.9554    0.543197    -0.0873192    
0.01    -19.0099    0.546542    -0.0884643    
0.01    -19.0657    0.549815    -0.0896206    
0.01    -19.1195    0.553111    -0.0907248    
0.01    -19.1747    0.55636    -0.09183    
0.01    -19.2294    0.559596    -0.0929036    
0.01    -19.2839    0.562813    -0.0939132    
0.01    -19.3395    0.565988    -0.0948675    
0.01    -19.3932    0.569182    -0.0957019    
0.01    -19.4466    0.572337    -0.0964432    
0.01    -19.4996    0.575452    -0.097116    
0.01    -19.5524    0.578524    -0.0977566    
0.01    -19.6048    0.581558    -0.0983829    
0.01    -19.6554    0.584453    -0.0988494    
0.01    -19.7071    0.586925    -0.0988812    
0.01    -19.7584    0.58913    -0.0986662    
0.01    -19.8094    0.59109    -0.0982143    
0.01    -19.86    0.592815    -0.0975376    
0.01    -19.9102    0.594314    -0.096639    
0.01    -19.9601    0.595614    -0.0955117    
0.01    -20.0096    0.596722    -0.0941701    
0.01    -20.0587    0.597655    -0.0926303    
0.01    -20.1075    0.598404    -0.0908914    
0.01    -20.1546    0.599059    -0.0890822    
0.01    -20.2029    0.599413    -0.0869451    
0.01    -20.2509    0.599655    -0.0847433    
0.01    -20.2987    0.599878    -0.082588    
0.01    -20.3463    0.600069    -0.0804584    
0.01    -20.3952    0.600231    -0.0783668    
0.01    -20.4426    0.60035    -0.0763017    
0.01    -20.4911    0.600427    -0.0742798    
0.01    -20.5394    0.600443    -0.0723111    
0.01    -20.5875    0.600411    -0.0703972    
0.01    -20.634    0.600297    -0.0685258    
0.01    -20.6817    0.600112    -0.0667239    
0.01    -20.7278    0.599818    -0.0650143    
0.01    -20.7751    0.599446    -0.0633805    
0.01    -20.8221    0.598982    -0.0618431    
0.01    -20.8688    0.59844    -0.0603807    
0.01    -20.9153    0.597793    -0.0589986    
0.01    -20.9602    0.597033    -0.0577065    
0.01    -21.0049    0.596182    -0.0564895    
0.01    -21.0505    0.595255    -0.055373    
0.01    -21.0947    0.594189    -0.0543609    
0.01    -21.1398    0.593051    -0.05344    
0.01    -21.1846    0.591814    -0.0525916    
0.01    -21.229    0.59047    -0.0518242    
0.01    -21.2731    0.589013    -0.0510955    
0.01    -21.3168    0.587425    -0.050394    
0.01    -21.3601    0.585712    -0.049735    
0.01    -21.4019    0.583843    -0.0491119    
0.01    -21.4444    0.581898    -0.0485048    
0.01    -21.4866    0.579856    -0.0478746    
0.01    -21.5272    0.577699    -0.0472169    
0.01    -21.5675    0.575509    -0.0465546    
0.01    -21.6075    0.57333    -0.045888    
0.01    -21.6481    0.571191    -0.0451883    
0.01    -21.6883    0.56904    -0.0444797    
0.01    -21.7281    0.566921    -0.0437863    
0.01    -21.7675    0.564809    -0.0431232    
0.01    -21.8075    0.56274    -0.0425578    
0.01    -21.8536    0.560961    -0.0426407    
0.01    -21.9026    0.559337    -0.0433349    
0.01    -21.9935    0.556276    -0.0461549    
0.01    -22.0389    0.554481    -0.047415    
0.01    -22.0837    0.552633    -0.0489459    
0.01    -22.1291    0.550752    -0.0508473    
0.01    -22.1727    0.548749    -0.0528617    
0.01    -22.2158    0.546643    -0.055087    
0.01    -22.2583    0.544414    -0.0574961    
0.01    -22.2999    0.542064    -0.0599156    
0.01    -22.3398    0.539563    -0.0622798    
0.01    -22.3798    0.536953    -0.0646329    
0.01    -22.4189    0.534214    -0.0669314    
0.01    -22.457    0.531362    -0.0691473    
0.01    -22.4943    0.528409    -0.0712661    
0.01    -22.5307    0.525358    -0.0732828    
0.01    -22.5661    0.522223    -0.0752105    
0.01    -22.6005    0.519021    -0.0770458    
0.01    -22.6339    0.515758    -0.0787949    
0.01    -22.6662    0.512468    -0.0804579    
0.01    -22.6975    0.509188    -0.082029    
0.01    -22.7278    0.505982    -0.0835075    
0.01    -22.7569    0.502898    -0.0848714    
0.01    -22.785    0.499958    -0.0861238    
0.01    -22.8121    0.497219    -0.0872752    
0.01    -22.8381    0.494701    -0.0883313    
0.01    -22.8632    0.492408    -0.0893152    
0.01    -22.8873    0.490361    -0.0902643    
0.01    -22.9098    0.488595    -0.0911715    
0.01    -22.9321    0.487025    -0.0920754    
0.01    -22.9529    0.485736    -0.0930033    
0.01    -22.9737    0.48464    -0.0939758    
0.01    -22.9951    0.483671    -0.0950135    
0.01    -23.0158    0.482907    -0.0961093    
0.01    -23.0352    0.482396    -0.0972254    
0.01    -23.0546    0.482018    -0.0983874    
0.01    -23.0727    0.481867    -0.0995295    
0.01    -23.0908    0.48182    -0.100694    
0.01    -23.1085    0.481912    -0.101863    
0.01    -23.1256    0.482131    -0.103012    
0.01    -23.1421    0.482456    -0.10413    
0.01    -23.1582    0.482894    -0.10521    
0.01    -23.1738    0.483427    -0.106245    
0.01    -23.1889    0.484055    -0.107226    
0.01    -23.203    0.484785    -0.108139    
0.01    -23.2171    0.485437    -0.108867    
0.01    -23.2307    0.485932    -0.10922    
0.01    -23.2434    0.486421    -0.109352    
0.01    -23.2555    0.486737    -0.10914    
0.01    -23.2676    0.486752    -0.108448    
0.01    -23.2792    0.486621    -0.107436    
0.01    -23.29    0.486499    -0.10628    
0.01    -23.3002    0.486253    -0.104836    
0.01    -23.3105    0.485733    -0.102977    
0.01    -23.3202    0.48511    -0.100852    
0.01    -23.3296    0.48438    -0.0984657    
0.01    -23.3383    0.48369    -0.0959636    
0.01    -23.3466    0.48291    -0.0931973    
0.01    -23.3548    0.482137    -0.0902887    
0.01    -23.3632    0.48141    -0.0873683    
0.01    -23.3716    0.48079    -0.0844527    
0.01    -23.3798    0.480253    -0.0815562    
0.01    -23.388    0.479804    -0.0787018    
0.01    -23.3957    0.479484    -0.0759297    
0.01    -23.4041    0.479144    -0.0732081    
0.01    -23.4124    0.478885    -0.0705935    
0.01    -23.4202    0.478749    -0.0680926    
0.01    -23.428    0.478685    -0.0656936    
0.01    -23.4361    0.478665    -0.0633877    
0.01    -23.444    0.478735    -0.0611803    
0.01    -23.452    0.478885    -0.0590553    
0.01    -23.4598    0.479104    -0.0570091    
0.01    -23.4673    0.479429    -0.0550391    
0.01    -23.4748    0.479821    -0.0531341    
0.01    -23.4822    0.480279    -0.0512774    
0.01    -23.4896    0.480784    -0.049458    
0.01    -23.4971    0.481301    -0.0476551    
0.01    -23.5047    0.481849    -0.0458844    
0.01    -23.5124    0.48237    -0.0441281    
0.01    -23.5201    0.482889    -0.0423812    
0.01    -23.5279    0.483384    -0.0406336    
0.01    -23.5356    0.483879    -0.038921    
0.01    -23.5432    0.484383    -0.0372471    
0.01    -23.5512    0.484819    -0.0355971    
0.01    -23.559    0.485228    -0.034005    
0.01    -23.5667    0.485628    -0.0324757    
0.01    -23.5743    0.486014    -0.0310198    
0.01    -23.5815    0.486401    -0.0296458    
0.01    -23.5889    0.486745    -0.028316    
0.01    -23.5961    0.487072    -0.0270389    
0.01    -23.6031    0.48737    -0.0258155    
0.01    -23.61    0.487654    -0.0246339    
0.01    -23.617    0.488051    -0.023616    
0.01    -23.6236    0.488612    -0.0228038    
0.01    -23.6301    0.489474    -0.0223442    
0.01    -23.6365    0.490619    -0.0222319    
0.01    -23.6427    0.492033    -0.0224498    
0.01    -23.6485    0.49356    -0.0228386    
0.01    -23.6545    0.495476    -0.0237051    
0.01    -23.6601    0.497493    -0.0247221    
0.01    -23.6655    0.49974    -0.0260417    
0.01    -23.671    0.502347    -0.0278142    
0.01    -23.6764    0.505174    -0.0298576    
0.01    -23.6818    0.508348    -0.0323199    
0.01    -23.6868    0.511574    -0.0348707    
0.01    -23.6918    0.514861    -0.0375362    
0.01    -23.6964    0.51806    -0.040143    
0.01    -23.7009    0.521181    -0.0427064    
0.01    -23.7054    0.524226    -0.0452578    
0.01    -23.7097    0.527196    -0.0477867    
0.01    -23.7139    0.530095    -0.0502947    
0.01    -23.7177    0.532915    -0.0527381    
0.01    -23.7212    0.535644    -0.0551123    
0.01    -23.7245    0.5383    -0.0574223    
0.01    -23.7276    0.540925    -0.0596999    
0.01    -23.7304    0.543512    -0.0619102    
0.01    -23.733    0.546071    -0.0640392    
0.01    -23.7352    0.548595    -0.0660796    
0.01    -23.7371    0.551081    -0.0680431    
0.01    -23.7388    0.553533    -0.0699444    
0.01    -23.7402    0.555964    -0.0717639    
0.01    -23.7413    0.558363    -0.0735092    
0.01    -23.7421    0.560734    -0.0751806    
0.01    -23.7428    0.5631    -0.0767607    
0.01    -23.7432    0.56547    -0.0782151    
0.01    -23.7436    0.567848    -0.0795444    
0.01    -23.7439    0.570248    -0.0807534    
0.01    -23.7442    0.572684    -0.0818275    
0.01    -23.7445    0.575152    -0.0827837    
0.01    -23.7449    0.577659    -0.0836477    
0.01    -23.7453    0.580203    -0.0844454    
0.01    -23.7458    0.582775    -0.0851994    
0.01    -23.7463    0.585381    -0.085942    
0.01    -23.7469    0.588012    -0.0866893    
0.01    -23.7475    0.590655    -0.087469    
0.01    -23.7481    0.59332    -0.0882972    
0.01    -23.7487    0.595998    -0.089184    
0.01    -23.7493    0.598683    -0.090112    
0.01    -23.7499    0.601365    -0.0910454    
0.01    -23.7505    0.604036    -0.0920009    
0.01    -23.7511    0.606698    -0.0929442    
0.01    -23.7517    0.609342    -0.0938424    
0.01    -23.7522    0.611968    -0.0946669    
0.01    -23.7528    0.614572    -0.0953927    
0.01    -23.7533    0.617155    -0.0960424    
0.01    -23.7538    0.619699    -0.0965955    
0.01    -23.7543    0.622205    -0.0970425    
0.01    -23.7547    0.624661    -0.0973991    
0.01    -23.7551    0.627062    -0.0976828    
0.01    -23.7555    0.629406    -0.097922    
0.01    -23.7559    0.631702    -0.0981354    
0.01    -23.7562    0.633948    -0.098337    
0.01    -23.7565    0.636148    -0.0985315    
0.01    -23.7568    0.638307    -0.0987262    
0.01    -23.7571    0.640424    -0.0989241    
0.01    -23.7574    0.642484    -0.0991202    
0.01    -23.7577    0.644493    -0.099295    
0.01    -23.7581    0.646458    -0.0994614    
0.01    -23.7584    0.648373    -0.0996322    
0.01    -23.7588    0.65023    -0.0998041    
0.01    -23.7592    0.652024    -0.0999855    
0.01    -23.7595    0.653761    -0.100138    
0.01    -23.7599    0.655439    -0.10031    
0.01    -23.7603    0.657064    -0.100459    
0.01    -23.7607    0.658627    -0.100597    
0.01    -23.7612    0.66013    -0.100717    
0.01    -23.7617    0.661568    -0.100808    
0.01    -23.7622    0.66294    -0.100893    
0.01    -23.7627    0.664256    -0.100968    
0.01    -23.7633    0.665507    -0.101025    
0.01    -23.7639    0.666695    -0.101071    
0.01    -23.7645    0.667828    -0.101141    
0.01    -23.7652    0.668904    -0.101221    
0.01    -23.7658    0.669917    -0.101303    
0.01    -23.7665    0.670877    -0.101409    
0.01    -23.7673    0.671781    -0.101528    
0.01    -23.768    0.672645    -0.10165    
0.01    -23.7687    0.673454    -0.101754    
0.01    -23.7695    0.674221    -0.101859    
0.01    -23.7702    0.674944    -0.101952    
0.01    -23.771    0.675614    -0.102046    
0.01    -23.7717    0.676234    -0.10214    
0.01    -23.7724    0.676797    -0.102244    
0.01    -23.7731    0.677302    -0.102348    
0.01    -23.7739    0.677748    -0.102457    
0.01    -23.7746    0.678144    -0.102578    
0.01    -23.7753    0.67849    -0.102707    
0.01    -23.776    0.678797    -0.102834    
0.01    -23.7767    0.679064    -0.102955    
0.01    -23.7774    0.679292    -0.103106    
0.01    -23.7781    0.679473    -0.103207    
0.01    -23.7787    0.679623    -0.103219    
0.01    -23.7792    0.679745    -0.103107    
0.01    -23.7797    0.679851    -0.10291    
0.01    -23.7801    0.679956    -0.102629    
0.01    -23.7805    0.680043    -0.102302    
0.01    -23.7809    0.680126    -0.101859    
0.01    -23.7811    0.680201    -0.10135    
0.01    -23.7814    0.680265    -0.100785    
0.01    -23.7815    0.680324    -0.10016    
0.01    -23.7816    0.680383    -0.0994708    
0.01    -23.7817    0.680442    -0.0987147    
0.01    -23.7818    0.680499    -0.097965    
0.01    -23.7818    0.680558    -0.0972292    
0.01    -23.7818    0.680601    -0.0965088    
0.01    -23.7819    0.680644    -0.0958017    
0.01    -23.7819    0.680672    -0.0951281    
0.01    -23.7819    0.680698    -0.0944868    
0.01    -23.7819    0.680703    -0.0938671    
0.01    -23.782    0.680692    -0.093266    
0.01    -23.782    0.680656    -0.0926952    
0.01    -23.782    0.68059    -0.0921599    
0.01    -23.782    0.680506    -0.0916385    
0.01    -23.7819    0.680402    -0.0911333    
0.01    -23.7818    0.680286    -0.0906519    
0.01    -23.7817    0.680151    -0.0901929    
0.01    -23.7816    0.680002    -0.0897457    
0.01    -23.7814    0.679844    -0.089312    
0.01    -23.7813    0.679685    -0.0888928    
0.01    -23.7811    0.679518    -0.0884972    
0.01    -23.7808    0.67935    -0.0881266    
0.01    -23.7806    0.679166    -0.0877788    
0.01    -23.7803    0.678974    -0.0874521    
0.01    -23.78    0.678776    -0.0871486    
0.01    -23.7797    0.678585    -0.0868654    
0.01    -23.7794    0.678405    -0.0866007    
0.01    -23.7791    0.678233    -0.0863487    
0.01    -23.7787    0.678075    -0.0861086    
0.01    -23.7783    0.677939    -0.0858892    
0.01    -23.7778    0.677848    -0.0856823    
0.01    -23.7773    0.677795    -0.0854858    
0.01    -23.7766    0.677786    -0.0853075    
0.01    -23.7758    0.677812    -0.0851384    
0.01    -23.775    0.67787    -0.084982    
0.01    -23.7741    0.67797    -0.0848441    
0.01    -23.7731    0.678099    -0.0847206    
0.01    -23.7721    0.67826    -0.0846009    
0.01    -23.771    0.678445    -0.0844613    
0.01    -23.7699    0.678649    -0.0843086    
0.01    -23.7687    0.678862    -0.0841122    
0.01    -23.7675    0.679094    -0.0839001    
0.01    -23.7662    0.679335    -0.0836409    
0.01    -23.7649    0.679591    -0.0833623    
0.01    -23.7635    0.679867    -0.0830622    
0.01    -23.7622    0.680159    -0.0827392    
0.01    -23.7608    0.680455    -0.0823986    
0.01    -23.7594    0.680762    -0.0820603    
0.01    -23.7579    0.681071    -0.0816833    
0.01    -23.7565    0.681392    -0.0812726    
0.01    -23.755    0.681712    -0.0808439    
0.01    -23.7535    0.682038    -0.0804312    
0.01    -23.7519    0.682362    -0.0800273    
0.01    -23.7504    0.682685    -0.0796312    
0.01    -23.7488    0.683016    -0.079242    
0.01    -23.7473    0.683348    -0.0788796    
0.01    -23.7457    0.683696    -0.0785349    
0.01    -23.7441    0.684054    -0.0781998    
0.01    -23.7425    0.684428    -0.0778785    
0.01    -23.7409    0.684807    -0.0775738    
0.01    -23.7394    0.685196    -0.0772814    
0.01    -23.7378    0.68559    -0.0770048    
0.01    -23.7363    0.685991    -0.0767399    
0.01    -23.7347    0.686383    -0.0764952    
0.01    -23.7332    0.686767    -0.0762633    
0.01    -23.7316    0.687142    -0.0760393    
0.01    -23.7301    0.687503    -0.075822    
0.01    -23.7286    0.687846    -0.075607    
0.01    -23.727    0.688177    -0.0753988    
0.01    -23.7255    0.688507    -0.0751934    
0.01    -23.724    0.688826    -0.0750003    
0.01    -23.7225    0.689138    -0.074819    
0.01    -23.721    0.689444    -0.074656    
0.01    -23.7195    0.689753    -0.0745052    
0.01    -23.7181    0.690064    -0.074355    
0.01    -23.7166    0.690379    -0.0742032    
0.01    -23.7152    0.69071    -0.0740552    
0.01    -23.7137    0.691054    -0.0739084    
0.01    -23.7122    0.691405    -0.0737586    
0.01    -23.7108    0.691762    -0.0736199    
0.01    -23.7093    0.692127    -0.0735007    
0.01    -23.7079    0.692493    -0.0733916    
0.01    -23.7064    0.692866    -0.073282    
0.01    -23.705    0.693238    -0.0731808    
0.01    -23.7035    0.693609    -0.0730909    
0.01    -23.7021    0.693982    -0.0730105    
0.01    -23.7007    0.694356    -0.0729196    
0.01    -23.6993    0.694723    -0.0728264    
0.01    -23.6979    0.695083    -0.072746    
0.01    -23.6965    0.695429    -0.0726679    
0.01    -23.6952    0.695757    -0.0725894    
0.01    -23.694    0.696073    -0.0725114    
0.01    -23.6928    0.696382    -0.0724334    
0.01    -23.6916    0.696704    -0.0723658    
0.01    -23.6904    0.697033    -0.0723071    
0.01    -23.6893    0.697367    -0.0722465    
0.01    -23.6882    0.697713    -0.0721844    
0.01    -23.6871    0.698066    -0.0721363    
0.01    -23.6861    0.698422    -0.0720902    
0.01    -23.6851    0.698777    -0.0720414    
0.01    -23.6841    0.699139    -0.0719879    
0.01    -23.6832    0.699508    -0.071936    
0.01    -23.6822    0.699884    -0.071889    
0.01    -23.6812    0.700255    -0.0718461    
0.01    -23.6803    0.700623    -0.0717888    
0.01    -23.6793    0.70098    -0.0717321    
0.01    -23.6784    0.701337    -0.0716782    
0.01    -23.6743    0.707604    -0.0721003    
0.01    -23.6736    0.70747    -0.0719847    
0.01    -23.6729    0.707363    -0.0718852    
0.01    -23.6722    0.707276    -0.0717932    
0.01    -23.6716    0.707209    -0.0717096    
0.01    -23.6709    0.70716    -0.071623    
0.01    -23.6703    0.707127    -0.0715465    
0.01    -23.6696    0.707108    -0.0714783    
0.01    -23.669    0.70711    -0.0714121    
0.01    -23.6684    0.707119    -0.0713447    
0.01    -23.6677    0.707132    -0.0712779    
0.01    -23.6671    0.707164    -0.0712124    
0.01    -23.6665    0.707197    -0.071161    
0.01    -23.6659    0.707243    -0.0711076    
0.01    -23.6653    0.70729    -0.0710537    
0.01    -23.6647    0.707344    -0.0710036    
0.01    -23.6641    0.707398    -0.0709623    
0.01    -23.6636    0.707464    -0.0709214    
0.01    -23.663    0.707529    -0.0708739    
0.01    -23.6624    0.707592    -0.0708365    
0.01    -23.6619    0.707654    -0.070804    
0.01    -23.6614    0.707707    -0.0707775    
0.01    -23.6608    0.70775    -0.0707447    
0.01    -23.6603    0.707785    -0.0707077    
0.01    -23.6598    0.707816    -0.0706775    
0.01    -23.6593    0.707842    -0.0706593    
0.01    -23.6588    0.707875    -0.0706293    
0.01    -23.6584    0.707903    -0.0705971    
0.01    -23.6579    0.707937    -0.0705688    
0.01    -23.6575    0.707966    -0.0705529    
0.01    -23.6571    0.707981    -0.0705378    
0.01    -23.6567    0.707972    -0.0705325    
0.01    -23.6564    0.707946    -0.0705375    
0.01    -23.6562    0.707909    -0.0705623    
0.01    -23.656    0.707887    -0.07059    
0.01    -23.6558    0.707879    -0.0706157    
0.01    -23.6556    0.707874    -0.0706512    
0.01    -23.6555    0.707884    -0.0706927    
0.01    -23.6555    0.7079    -0.0707419    
0.01    -23.6555    0.707917    -0.070795    
0.01    -23.6555    0.707939    -0.0708415    
0.01    -23.6555    0.707977    -0.0708917    
0.01    -23.6555    0.708022    -0.0709449    
0.01    -23.6556    0.708081    -0.0710015    
0.01    -23.6557    0.708156    -0.0710505    
0.01    -23.6557    0.708242    -0.071098    
0.01    -23.6558    0.708333    -0.0711472    
0.01    -23.6558    0.708423    -0.0711956    
0.01    -23.6559    0.708501    -0.0712351    
0.01    -23.656    0.708568    -0.0712688    
0.01    -23.656    0.708623    -0.0713077    
0.01    -23.656    0.708667    -0.0713428    
0.01    -23.656    0.708703    -0.0713752    
0.01    -23.6559    0.708724    -0.0714077    
0.01    -23.6558    0.708729    -0.071439    
0.01    -23.6557    0.708726    -0.0714667    
0.01    -23.6556    0.708707    -0.0714994    
0.01    -23.6555    0.708683    -0.0715288    
0.01    -23.6554    0.708648    -0.0715562    
0.01    -23.6552    0.708604    -0.0715834    
0.01    -23.6551    0.708549    -0.071616    
0.01    -23.6549    0.708484    -0.0716477    
0.01    -23.6547    0.708407    -0.0716713    
0.01    -23.6545    0.708325    -0.0717011    
0.01    -23.6543    0.708237    -0.0717275    
0.01    -23.6541    0.708148    -0.0717485    
0.01    -23.6538    0.708067    -0.0717629    
0.01    -23.6536    0.707983    -0.0717798    
0.01    -23.6533    0.707895    -0.0718046    
0.01    -23.6531    0.707803    -0.0718232    
0.01    -23.6528    0.707706    -0.0718425    
0.01    -23.6525    0.707605    -0.0718656    
0.01    -23.6522    0.70751    -0.0718964    
0.01    -23.652    0.707415    -0.0719228    
0.01    -23.6517    0.707312    -0.071946    
0.01    -23.6514    0.707209    -0.0719714    
0.01    -23.6511    0.707098    -0.0720016    
0.01    -23.6508    0.70699    -0.0720303    
0.01    -23.6505    0.706865    -0.0720549    
0.01    -23.6503    0.70672    -0.072079    
0.01    -23.65    0.706558    -0.0721096    
0.01    -23.6498    0.706384    -0.0721409    
0.01    -23.6496    0.706195    -0.0721687    
0.01    -23.6495    0.705979    -0.0722018    
0.01    -23.6493    0.705744    -0.0722339    
0.01    -23.6492    0.705494    -0.0722767    
0.01    -23.6491    0.705231    -0.0723171    
0.01    -23.649    0.704946    -0.072356    
0.01    -23.6489    0.704638    -0.072398    
0.01    -23.6489    0.704312    -0.0724485    
0.01    -23.6489    0.703974    -0.0724974    
0.01    -23.6489    0.703628    -0.0725444    
0.01    -23.6489    0.703281    -0.0725897    
0.01    -23.6488    0.702928    -0.0726384    
0.01    -23.6488    0.702573    -0.0726918    
0.01    -23.6488    0.702219    -0.072743    
0.01    -23.6488    0.701861    -0.0727863    
0.01    -23.6487    0.701491    -0.0728324    
0.01    -23.6487    0.701116    -0.0728874    
0.01    -23.6487    0.700738    -0.0729384    
0.01    -23.6487    0.700353    -0.0729941    
0.01    -23.6487    0.699971    -0.0730458    
0.01    -23.6486    0.699584    -0.0731006    
0.01    -23.6486    0.699196    -0.073156    
0.01    -23.6486    0.698805    -0.0732178    
0.01    -23.6486    0.698422    -0.0732753    
0.01    -23.6486    0.698029    -0.0733273    
0.01    -23.6486    0.697597    -0.0733865    
0.01    -23.6485    0.697132    -0.0734466    
0.01    -23.6485    0.696631    -0.0735073    
0.01    -23.6485    0.696096    -0.0735633    
0.01    -23.6484    0.695516    -0.0736334    
0.01    -23.6483    0.694881    -0.0736991    
0.01    -23.6483    0.694201    -0.0737609    
0.01    -23.6482    0.693473    -0.0738263    
0.01    -23.648    0.692705    -0.0738998    
0.01    -23.6479    0.691889    -0.073968    
0.01    -23.6477    0.691036    -0.0740359    
0.01    -23.6437    0.694127    -0.0746728    
0.01    -23.6438    0.69277    -0.0746918    
0.01    -23.6439    0.691412    -0.0747131    
0.01    -23.6439    0.690056    -0.0747387    
0.01    -23.6439    0.688691    -0.0747806    
0.01    -23.6439    0.687337    -0.0748261    
0.01    -23.6438    0.685985    -0.0748724    
0.01    -23.6438    0.684633    -0.0749157    
0.01    -23.6437    0.68328    -0.0749493    
0.01    -23.6437    0.681923    -0.0749869    
0.01    -23.6436    0.680568    -0.0750157    
0.01    -23.6435    0.679216    -0.0750314    
0.01    -23.6435    0.677854    -0.0750371    
0.01    -23.6435    0.676492    -0.0750538    
0.01    -23.6434    0.675141    -0.0750725    
0.01    -23.6434    0.673779    -0.0750822    
0.01    -23.6433    0.672426    -0.0750866    
0.01    -23.6433    0.671069    -0.075097    
0.01    -23.6433    0.669711    -0.0751047    
0.01    -23.6433    0.668349    -0.0751072    
0.01    -23.6433    0.66699    -0.0751011    
0.01    -23.6433    0.665637    -0.0750981    
0.01    -23.6432    0.664301    -0.0751057    
0.01    -23.6432    0.662976    -0.0751086    
0.01    -23.6432    0.661655    -0.0751122    
0.01    -23.6432    0.660348    -0.075119    
0.01    -23.6431    0.659058    -0.075138    
0.01    -23.6431    0.657782    -0.0751573    
0.01    -23.643    0.656531    -0.0751757    
0.01    -23.643    0.655301    -0.0751962    
0.01    -23.643    0.654084    -0.0752249    
0.01    -23.643    0.652883    -0.0752539    
0.01    -23.6429    0.651691    -0.0752829    
0.01    -23.6429    0.650517    -0.0753147    
0.01    -23.6429    0.649358    -0.075356    
0.01    -23.6429    0.648226    -0.0753943    
0.01    -23.6428    0.647103    -0.0754338    
0.01    -23.6388    0.647744    -0.0760597    
0.01    -23.6391    0.646457    -0.0760423    
0.01    -23.6394    0.645195    -0.0760276    
0.01    -23.6396    0.643958    -0.0760213    
0.01    -23.6399    0.642752    -0.0760161    
0.01    -23.6401    0.641572    -0.0760158    
0.01    -23.6403    0.640423    -0.0760201    
0.01    -23.6405    0.639302    -0.0760304    
0.01    -23.6407    0.638212    -0.0760434    
0.01    -23.6409    0.637145    -0.0760609    
0.01    -23.641    0.636112    -0.0760828    
0.01    -23.6412    0.635108    -0.0761163    
0.01    -23.6414    0.634143    -0.0761542    
0.01    -23.6415    0.633205    -0.0761964    
0.01    -23.6417    0.632304    -0.076242    
0.01    -23.6418    0.631427    -0.0762845    
0.01    -23.642    0.63057    -0.0763369    
0.01    -23.6421    0.629741    -0.0763885    
0.01    -23.6423    0.628934    -0.0764387    
0.01    -23.6385    0.62932    -0.0770782    
0.01    -23.639    0.628403    -0.0770532    
0.01    -23.6395    0.627515    -0.0770152    
0.01    -23.6399    0.626661    -0.0769672    
0.01    -23.6404    0.625845    -0.0769254    
0.01    -23.6408    0.62506    -0.0768807    
0.01    -23.6413    0.624301    -0.0768318    
0.01    -23.6417    0.623577    -0.0767742    
0.01    -23.6421    0.622882    -0.0767235    
0.01    -23.6426    0.622219    -0.0766772    
0.01    -23.643    0.621587    -0.0766261    
0.01    -23.6434    0.620978    -0.0765728    
0.01    -23.6438    0.620385    -0.0765245    
0.01    -23.6442    0.619814    -0.076485    
0.01    -23.6446    0.619268    -0.0764427    
0.01    -23.645    0.618748    -0.0764001    
0.01    -23.6454    0.618247    -0.0763584    
0.01    -23.6457    0.61776    -0.0763203    
0.01    -23.6461    0.617292    -0.0762833    
0.01    -23.6464    0.616842    -0.0762491    
0.01    -23.6467    0.616411    -0.0762133    
0.01    -23.647    0.616    -0.0761827    
0.01    -23.6473    0.615616    -0.0761517    
0.01    -23.6476    0.615235    -0.0761256    
0.01    -23.6479    0.614878    -0.0761115    
0.01    -23.6483    0.614512    -0.0761107    
0.01    -23.6486    0.614116    -0.0761136    
0.01    -23.649    0.613699    -0.0761199    
0.01    -23.6495    0.613258    -0.0761285    
0.01    -23.6501    0.612802    -0.0761359    
0.01    -23.6508    0.612325    -0.0761434    
0.01    -23.6516    0.611833    -0.0761495    
0.01    -23.6525    0.611321    -0.0761617    
0.01    -23.6536    0.610809    -0.0761659    
